data1 = [6.50000000000003e-10, 8.87500000000001e-10, 1.12500000000001e-09, 1.36250000000000e-09, 1.60000000000000e-09]
data2 = [1.23750000000000e-09, 1.42500000000000e-09, 1.60000000000000e-09, 1.78750000000000e-09, 1.96250000000000e-09, 2.15000000000000e-09]
data3 = [1.00000000000000e-09, 1.06875000000000e-09, 1.12500000000001e-09, 1.18750000000000e-09, 1.23750000000000e-09]
data4 = [1.11875000000000e-09, 1.12500000000001e-09, 1.12500000000001e-09, 1.13125000000001e-09, 1.13125000000001e-09, 1.13125000000001e-09]